[HEADER]
VERSION=4

[_EXTENSION]
TORQUE_MODE_EX=2
FIX_PROGRESSIVE_RATE=1
USE_DWB2=1

[BASIC]
WHEELBASE=1.53
CG_LOCATION=0.53

[ARB]
FRONT=47000
REAR=63000

[FRONT]
TYPE=DWB
BASEY=-0.08
TRACK=1.24
ROD_LENGTH=0.0171
HUB_MASS=24
WBCAR_TOP_FRONT=0.353,0.07193467,0.1536113
WBCAR_TOP_REAR=0.355,0.0869697,-0.1498055
WBCAR_BOTTOM_FRONT=0.43,-0.112735,0.145232
WBCAR_BOTTOM_REAR=0.4286343,-0.0989737,-0.156248
WBTYRE_TOP=0.05362146,0.08864426,-0.01056065
WBTYRE_BOTTOM=0.04442877,-0.1071742,0.001842291
WBCAR_STEER=0.42,-0.05036106,0.07223193
WBTYRE_STEER=0.06,-0.04553811,0.07461683
TOE_OUT=-0.0005
STATIC_CAMBER=-2.0
SPRING_RATE=70000
PROGRESSIVE_SPRING_RATE=0
BUMP_STOP_RATE=43750
BUMPSTOP_UP=0.0385
BUMPSTOP_DN=0.025
PACKER_RANGE=0.0625
DAMP_BUMP=2500
DAMP_FAST_BUMP=1250
DAMP_FAST_BUMPTHRESHOLD=0.100
DAMP_REBOUND=2900
DAMP_FAST_REBOUND=1250
DAMP_FAST_REBOUNDTHRESHOLD=0.100

[HEAVE_FRONT]
ROD_LENGTH=0.0171
SPRING_RATE=130000
PROGRESSIVE_SPRING_RATE=0
BUMP_STOP_RATE=35000
BUMPSTOP_UP=0.0385
BUMPSTOP_DN=0.025
PACKER_RANGE=0.0625
DAMP_BUMP=2950
DAMP_FAST_BUMP=1350
DAMP_FAST_BUMPTHRESHOLD=0.100
DAMP_REBOUND=3400
DAMP_FAST_REBOUND=1350
DAMP_FAST_REBOUNDTHRESHOLD=0.100
[REAR]
TYPE=DWB
BASEY=-0.08
TRACK=1.24
ROD_LENGTH=0.0171
HUB_MASS=24
WBCAR_TOP_FRONT=0.3437777,0.09189332,0.1872835
WBCAR_TOP_REAR=0.395,0.05854616,-0.1527683
WBCAR_BOTTOM_FRONT=0.36,-0.1011115,0.1668056
WBCAR_BOTTOM_REAR=0.395,-0.1036599,-0.1513349
WBTYRE_TOP=0.1022913,0.08888072,-0.009158902
WBTYRE_BOTTOM=0.069,-0.1057329,0.01654308
WBCAR_STEER=0.42,-0.038,-0.0341557
WBTYRE_STEER=0.06,-0.033,-0.03895393
TOE_OUT=-0.0005
STATIC_CAMBER=0
SPRING_RATE=70000
PROGRESSIVE_SPRING_RATE=0
BUMP_STOP_RATE=35000
BUMPSTOP_UP=0.0385
BUMPSTOP_DN=0.025
PACKER_RANGE=0.0625
DAMP_BUMP=2950
DAMP_FAST_BUMP=1350
DAMP_FAST_BUMPTHRESHOLD=0.100
DAMP_REBOUND=3400
DAMP_FAST_REBOUND=1350
DAMP_FAST_REBOUNDTHRESHOLD=0.100

[HEAVE_REAR]
ROD_LENGTH=0.0171
SPRING_RATE=45149
PROGRESSIVE_SPRING_RATE=0
BUMP_STOP_RATE=35000
BUMPSTOP_UP=0.0385
BUMPSTOP_DN=0.025
PACKER_RANGE=0.0625
DAMP_BUMP=2950
DAMP_FAST_BUMP=1350
DAMP_FAST_BUMPTHRESHOLD=0.100
DAMP_REBOUND=3400
DAMP_FAST_REBOUND=1350
DAMP_FAST_REBOUNDTHRESHOLD=0.100

[GRAPHICS_OFFSETS]
WHEEL_LF=0.0
SUSP_LF=-0.0
WHEEL_RF=0.0
SUSP_RF=0.0
WHEEL_LR=0.0
SUSP_LR=-0.0
WHEEL_RR=0.0
SUSP_RR=0.0

[DAMAGE]
MIN_VELOCITY=35
GAIN=0.0001
MAX_DAMAGE=0.03
DEBUG_LOG=1

